Circuit Delay: 62.5014 ps

Gate Slacks:
INPUT-1: 31.58504 ps
INPUT-2: 25.57067 ps
INPUT-3: 6.25014 ps
INPUT-6: 6.25014 ps
INPUT-7: 31.05795 ps
OUTPUT-22: 6.25014 ps
OUTPUT-23: 6.25014 ps
NAND-10: 31.58504 ps
NAND-11: 6.25014 ps
NAND-16: 6.25014 ps
NAND-19: 11.87923 ps
NAND-22: 6.25014 ps
NAND-23: 6.25014 ps

Critical Path:
INPUT-3, NAND-11, NAND-16, NAND-22, OUTPUT-22